15
1
26
46
126.268
126.268
124.775
4674
2
2 95.0064
6 81.9206
2
115
79
128.031
124.683
115.702
21901
8
1 95.0064
3 89.2891
6 105.657
7 83.9556
9 142.205
10 109.131
11 232.056
13 141.05
3
204
84
125.17
120.94
21.2469
6416
5
2 89.2891
4 88.2488
5 164.212
7 100.845
11 203.484
4
271
26
119.178
119.001
108.274
5423
2
3 88.2488
5 130.332
5
365
116
127.204
4.56883
3.79779
48226
6
3 164.212
4 130.332
8 109.03
11 226.823
12 106.657
14 132.68
6
21
128
131.405
131.237
17.9051
3519
3
1 81.9206
2 105.657
9 65.0733
7
137
160
96.2675
10.3751
16.7158
2213
4
2 83.9556
3 100.845
10 40.8738
11 150.344
8
429
204
65.246
60.1961
5.87082
2183
2
5 109.03
14 59.4774
9
30
192
61.5696
1.11392
121.353
3476
4
2 142.205
6 65.0733
11 209.918
13 49.2422
10
107
188
108.21
53.179
102.557
1486
4
2 109.131
7 40.8738
11 147.979
13 42.4276
11
217
287
126.534
61.4103
132.145
61988
10
2 232.056
3 203.484
5 226.823
7 150.344
9 209.918
10 147.979
12 120.18
13 160.691
14 174.583
15 205.696
12
294
195
133.266
53.5841
49.1444
1510
3
5 106.657
11 120.18
14 105.36
13
74
214
120.124
48.5048
138.495
1680
4
2 141.05
9 49.2422
10 42.4276
11 160.691
14
387
247
4.39611
2.62375
189.344
6897
4
5 132.68
8 59.4774
11 174.583
12 105.36
15
14
320
127.868
26.1854
165.616
1208
1
11 205.696
