18
1
79
89
127.756
124.243
1.63294
24241
5
2 129.501
3 164.561
5 126.629
7 68.1316
10 148.315
2
207
76
125.766
122.685
93.3937
4862
6
1 129.501
3 43.3611
4 184.423
5 51.3163
6 107.257
8 112.415
3
237
44
127.985
127.985
127.985
14691
5
1 164.561
2 43.3611
4 162.93
5 90.5799
6 123.221
4
390
98
125.961
2.94906
0.641944
32900
8
2 184.423
3 162.93
6 135.975
9 113.626
11 133.334
12 101.644
14 138.648
16 122.525
5
199
126
129.153
129.08
24.2868
5468
5
1 126.629
2 51.3163
3 90.5799
8 67.0577
10 159.122
6
270
162
115.635
9.96795
7.01282
2496
9
2 107.257
3 123.221
4 135.975
8 45.8091
9 73.1772
13 121.916
14 145.044
15 143.595
17 163.043
7
99
154
127.156
11.2938
2.79724
2900
2
1 68.1316
10 84.4012
8
231
186
12.1946
4.44788
4.00309
1295
6
2 112.415
5 67.0577
6 45.8091
10 154.658
13 113.233
15 115.587
9
335
197
26.3549
30.4892
7.70743
3336
7
4 113.626
6 73.1772
12 76.6595
13 97.1156
14 71.99
16 79.3242
17 91.7228
10
85
237
64.6113
2.54161
127.428
23538
6
1 148.315
5 159.122
7 84.4012
8 154.658
13 208.806
15 161.625
11
466
208
81.8908
92.0152
79.0647
1574
2
4 133.334
14 76.558
12
411
198
63.4318
64.1894
126.106
1436
3
4 101.644
9 76.6595
16 21.3278
13
289
283
124.918
46.8113
143.25
3540
7
6 121.916
8 113.233
9 97.1156
10 208.806
15 58.257
17 111.568
18 103.953
14
395
237
5.54954
14.1399
178.196
4662
6
4 138.648
6 145.044
9 71.99
11 76.558
16 24.0123
17 26.5909
15
234
301
128
63.737
128.253
34740
6
6 143.595
8 115.587
10 161.625
13 58.257
17 169.448
18 144.333
16
411
219
62.2507
185.415
3.42756
1125
4
4 122.525
9 79.3242
12 21.3278
14 24.0123
17
399
263
125.287
125.133
191.925
4470
5
6 163.043
9 91.7228
13 111.568
14 26.5909
15 169.448
18
370
348
2.52769
1.23055
2.59429
5526
2
13 103.953
15 144.333
